HE2D =>  96 3 | 94 5 | 90 9 | 92 7 | 93 6 | 95 4 | 93 6 | 93 6 | 88 11 | 90 9 | sum = -86
E2D	 Neutral 		8			93%
A3S =>  96 3 | 97 2 | 96 3 | 96 3 | 98 1 | 98 1 | 98 1 | 97 2 | 95 4 | 98 1 | sum = -95
A3S	 Neutral 		9			97%
S4F =>  74 25 | 72 27 | 78 21 | 64 35 | 78 21 | 68 31 | 71 28 | 76 23 | 71 28 | 80 19 | sum = -47
S4F	 Neutral 		4			72%
Y5H =>  63 36 | 57 42 | 64 35 | 59 40 | 57 42 | 65 34 | 67 32 | 64 35 | 56 43 | 49 50 | sum = -21
Y5H	 Neutral 		2			61%
P10S =>  62 37 | 64 35 | 54 45 | 56 43 | 63 36 | 61 38 | 59 40 | 63 36 | 58 41 | 65 34 | sum = -22
P10S	 Neutral 		2			61%
A12T =>  80 19 | 83 16 | 71 28 | 73 26 | 78 21 | 81 18 | 79 20 | 79 20 | 76 23 | 86 13 | sum = -59
A12T	 Neutral 		5			78%
A13I =>  77 22 | 77 22 | 59 40 | 61 38 | 74 25 | 62 37 | 73 26 | 78 21 | 69 30 | 84 15 | sum = -44
A13I	 Neutral 		4			72%
H16S =>  62 37 | 65 34 | 59 40 | 64 35 | 67 32 | 61 38 | 62 37 | 75 24 | 57 42 | 71 28 | sum = -30
H16S	 Neutral 		2			61%
S17A =>  73 26 | 69 30 | 63 36 | 67 32 | 69 30 | 57 42 | 59 40 | 73 26 | 65 34 | 70 29 | sum = -34
S17A	 Neutral 		3			66%
H21P =>  40 59 | 44 55 | 31 68 | 39 60 | 38 61 | 28 71 | 35 64 | 44 55 | 34 65 | 48 51 | sum = 23
H21P	Non-neutral		2			63%
D22S =>  62 37 | 61 38 | 48 51 | 63 36 | 66 33 | 58 41 | 63 36 | 67 32 | 56 43 | 55 44 | sum = -20
D22S	 Neutral 		2			61%
H24Q =>  80 19 | 75 24 | 56 43 | 77 22 | 74 25 | 78 21 | 70 29 | 76 23 | 70 29 | 71 28 | sum = -46
H24Q	 Neutral 		4			72%
A27T =>  62 37 | 63 36 | 47 52 | 59 40 | 64 35 | 55 44 | 56 43 | 54 45 | 53 46 | 62 37 | sum = -16
A27T	 Neutral 		1			57%
E33D =>  79 20 | 69 30 | 62 37 | 71 28 | 67 32 | 75 24 | 62 37 | 68 31 | 66 33 | 82 17 | sum = -41
E33D	 Neutral 		4			72%
N34S =>  80 19 | 79 20 | 69 30 | 75 24 | 82 17 | 81 18 | 79 20 | 81 18 | 79 20 | 85 14 | sum = -59
N34S	 Neutral 		5			78%
Y35H =>  56 43 | 49 50 | 53 46 | 65 34 | 49 50 | 53 46 | 58 41 | 52 47 | 57 42 | 65 34 | sum = -12
Y35H	 Neutral 		1			57%
G37S =>  60 39 | 55 44 | 55 44 | 52 47 | 67 32 | 60 39 | 55 44 | 65 34 | 55 44 | 80 19 | sum = -22
G37S	 Neutral 		2			61%
R40H =>  67 32 | 53 46 | 52 47 | 64 35 | 53 46 | 62 37 | 56 43 | 59 40 | 54 45 | 69 30 | sum = -19
R40H	 Neutral 		1			57%
Q41T =>  71 28 | 63 36 | 54 45 | 65 34 | 62 37 | 61 38 | 64 35 | 72 27 | 65 34 | 82 17 | sum = -33
Q41T	 Neutral 		3			66%
S42P =>  69 30 | 66 33 | 50 49 | 69 30 | 68 31 | 69 30 | 72 27 | 70 29 | 73 26 | 69 30 | sum = -36
S42P	 Neutral 		3			66%
A45S =>  87 12 | 83 16 | 67 32 | 73 26 | 79 20 | 73 26 | 76 23 | 79 20 | 76 23 | 92 7 | sum = -58
A45S	 Neutral 		5			78%
K56R =>  79 20 | 75 24 | 73 26 | 76 23 | 75 24 | 60 39 | 70 29 | 80 19 | 72 27 | 70 29 | sum = -47
K56R	 Neutral 		4			72%
V59T =>  88 11 | 84 15 | 72 27 | 78 21 | 83 16 | 88 11 | 78 21 | 81 18 | 80 19 | 90 9 | sum = -65
V59T	 Neutral 		6			82%
E60D =>  90 9 | 81 18 | 70 29 | 84 15 | 79 20 | 84 15 | 80 19 | 86 13 | 81 18 | 92 7 | sum = -66
E60D	 Neutral 		6			82%
P61S =>  85 14 | 79 20 | 70 29 | 83 16 | 82 17 | 80 19 | 79 20 | 81 18 | 82 17 | 92 7 | sum = -64
P61S	 Neutral 		6			82%
K76R =>  63 36 | 65 34 | 43 56 | 49 50 | 65 34 | 46 53 | 66 33 | 69 30 | 54 45 | 54 45 | sum = -16
K76R	 Neutral 		1			57%
S84N =>  89 10 | 87 12 | 91 8 | 94 5 | 88 11 | 84 15 | 88 11 | 93 6 | 85 14 | 93 6 | sum = -79
S84N	 Neutral 		7			87%
V112L =>  83 16 | 78 21 | 67 32 | 86 13 | 79 20 | 80 19 | 80 19 | 79 20 | 76 23 | 81 18 | sum = -59
V112L	 Neutral 		5			78%
S124T =>  93 6 | 90 9 | 78 21 | 87 12 | 89 10 | 90 9 | 83 16 | 92 7 | 86 13 | 92 7 | sum = -77
S124T	 Neutral 		7			87%
T130I =>  58 41 | 61 38 | 48 51 | 53 46 | 64 35 | 57 42 | 57 42 | 70 29 | 57 42 | 77 22 | sum = -22
T130I	 Neutral 		2			61%
E137K =>  76 23 | 76 23 | 55 44 | 81 18 | 75 24 | 76 23 | 79 20 | 77 22 | 76 23 | 70 29 | sum = -49
E137K	 Neutral 		4			72%
E138D =>  87 12 | 84 15 | 71 28 | 85 14 | 84 15 | 77 22 | 82 17 | 90 9 | 83 16 | 88 11 | sum = -67
E138D	 Neutral 		6			82%
I148L =>  81 18 | 82 17 | 76 23 | 68 31 | 79 20 | 75 24 | 85 14 | 83 16 | 67 32 | 91 8 | sum = -58
I148L	 Neutral 		5			78%
K149E =>  64 35 | 57 42 | 61 38 | 73 26 | 65 34 | 46 53 | 65 34 | 64 35 | 52 47 | 66 33 | sum = -24
K149E	 Neutral 		2			61%
H153Y =>  66 33 | 72 27 | 61 38 | 52 47 | 63 36 | 49 50 | 53 46 | 63 36 | 54 45 | 78 21 | sum = -23
H153Y	 Neutral 		2			61%
A155S =>  70 29 | 74 25 | 65 34 | 65 34 | 71 28 | 63 36 | 75 24 | 68 31 | 63 36 | 62 37 | sum = -36
A155S	 Neutral 		3			66%
R156K =>  86 13 | 73 26 | 61 38 | 77 22 | 75 24 | 71 28 | 79 20 | 84 15 | 78 21 | 75 24 | sum = -53
R156K	 Neutral 		5			78%
R160K =>  65 34 | 67 32 | 65 34 | 86 13 | 70 29 | 60 39 | 75 24 | 82 17 | 78 21 | 74 25 | sum = -45
R160K	 Neutral 		4			72%
T161G =>  75 24 | 80 19 | 76 23 | 77 22 | 78 21 | 54 45 | 81 18 | 84 15 | 71 28 | 75 24 | sum = -51
T161G	 Neutral 		5			78%
E163D =>  71 28 | 66 33 | 65 34 | 84 15 | 74 25 | 57 42 | 75 24 | 72 27 | 71 28 | 78 21 | sum = -44
E163D	 Neutral 		4			72%
K166R =>  69 30 | 68 31 | 62 37 | 55 44 | 66 33 | 60 39 | 66 33 | 78 21 | 63 36 | 66 33 | sum = -32
K166R	 Neutral 		3			66%
T192S =>  78 21 | 79 20 | 82 17 | 73 26 | 78 21 | 60 39 | 79 20 | 78 21 | 75 24 | 90 9 | sum = -56
T192S	 Neutral 		5			78%
A204S =>  77 22 | 78 21 | 78 21 | 81 18 | 84 15 | 67 32 | 80 19 | 84 15 | 77 22 | 82 17 | sum = -59
A204S	 Neutral 		5			78%
P206S =>  42 57 | 49 50 | 51 48 | 45 54 | 62 37 | 45 54 | 54 45 | 59 40 | 48 51 | 69 30 | sum = -6
P206S	 Neutral 		0			53%
S221N =>  86 13 | 86 13 | 73 26 | 72 27 | 83 16 | 76 23 | 91 8 | 89 10 | 84 15 | 84 15 | sum = -66
S221N	 Neutral 		6			82%
A255S =>  84 15 | 85 14 | 81 18 | 76 23 | 93 6 | 83 16 | 85 14 | 90 9 | 78 21 | 89 10 | sum = -70
A255S	 Neutral 		6			82%
V258I =>  87 12 | 85 14 | 67 32 | 65 34 | 79 20 | 68 31 | 76 23 | 82 17 | 77 22 | 86 13 | sum = -56
V258I	 Neutral 		5			78%
T263L =>  67 32 | 57 42 | 54 45 | 62 37 | 58 41 | 29 70 | 39 60 | 53 46 | 42 57 | 55 44 | sum = -4
T263L	 Neutral 		0			53%
D269E =>  82 17 | 77 22 | 58 41 | 72 27 | 80 19 | 77 22 | 72 27 | 74 25 | 77 22 | 86 13 | sum = -52
D269E	 Neutral 		5			78%
N270D =>  63 36 | 56 43 | 39 60 | 50 49 | 55 44 | 50 49 | 48 51 | 60 39 | 57 42 | 64 35 | sum = -9
N270D	 Neutral 		0			53%
E271T =>  68 31 | 63 36 | 56 43 | 78 21 | 64 35 | 59 40 | 67 32 | 72 27 | 62 37 | 76 23 | sum = -34
E271T	 Neutral 		3			66%
A273T =>  93 6 | 89 10 | 76 23 | 86 13 | 91 8 | 93 6 | 87 12 | 90 9 | 84 15 | 93 6 | sum = -77
A273T	 Neutral 		7			87%
N276Y =>  90 9 | 81 18 | 67 32 | 80 19 | 83 16 | 85 14 | 81 18 | 87 12 | 82 17 | 91 8 | sum = -66
N276Y	 Neutral 		6			82%
P277T =>  87 12 | 81 18 | 59 40 | 81 18 | 75 24 | 82 17 | 74 25 | 79 20 | 82 17 | 93 6 | sum = -59
P277T	 Neutral 		5			78%
G278E =>  88 11 | 77 22 | 60 39 | 85 14 | 79 20 | 80 19 | 76 23 | 78 21 | 80 19 | 87 12 | sum = -59
G278E	 Neutral 		5			78%
C280R =>  48 51 | 41 58 | 26 73 | 27 72 | 37 62 | 32 67 | 35 64 | 35 64 | 41 58 | 55 44 | sum = 24
C280R	Non-neutral		2			63%
S281A =>  54 45 | 56 43 | 52 47 | 43 56 | 56 43 | 38 61 | 52 47 | 56 43 | 48 51 | 66 33 | sum = -5
S281A	 Neutral 		0			53%
D284E =>  91 8 | 80 19 | 75 24 | 82 17 | 84 15 | 81 18 | 79 20 | 86 13 | 81 18 | 80 19 | sum = -65
D284E	 Neutral 		6			82%
T287G =>  82 17 | 83 16 | 75 24 | 74 25 | 82 17 | 62 37 | 76 23 | 86 13 | 81 18 | 85 14 | sum = -58
T287G	 Neutral 		5			78%
