A3R =>  77 22 | 73 26 | 65 34 | 61 38 | 78 21 | 86 13 | 81 18 | 77 22 | 65 34 | 77 22 | sum = -49
A3R	 Neutral 		4			72%
S4G =>  61 38 | 56 43 | 49 50 | 39 60 | 49 50 | 40 59 | 50 49 | 52 47 | 45 54 | 55 44 | sum = 0
S4G	 Neutral 		0			53%
Y5R =>  29 70 | 31 68 | 29 70 | 26 73 | 28 71 | 25 74 | 34 65 | 30 69 | 31 68 | 24 75 | sum = 41
Y5R	Non-neutral		4			71%
P10S =>  62 37 | 64 35 | 54 45 | 56 43 | 63 36 | 61 38 | 59 40 | 63 36 | 58 41 | 65 34 | sum = -22
P10S	 Neutral 		2			61%
A12N =>  66 33 | 72 27 | 52 47 | 63 36 | 61 38 | 67 32 | 67 32 | 62 37 | 68 31 | 77 22 | sum = -32
A12N	 Neutral 		3			66%
A13S =>  80 19 | 82 17 | 65 34 | 75 24 | 78 21 | 72 27 | 74 25 | 77 22 | 70 29 | 89 10 | sum = -53
A13S	 Neutral 		5			78%
Q15A =>  58 41 | 56 43 | 55 44 | 70 29 | 60 39 | 46 53 | 56 43 | 63 36 | 54 45 | 66 33 | sum = -18
Q15A	 Neutral 		1			57%
H16D =>  58 41 | 53 46 | 47 52 | 51 48 | 53 46 | 57 42 | 51 48 | 66 33 | 52 47 | 61 38 | sum = -11
H16D	 Neutral 		1			57%
S17Q =>  82 17 | 77 22 | 70 29 | 82 17 | 80 19 | 70 29 | 74 25 | 87 12 | 78 21 | 79 20 | sum = -57
S17Q	 Neutral 		5			78%
R18Q =>  50 49 | 48 51 | 36 63 | 37 62 | 38 61 | 30 69 | 38 61 | 43 56 | 35 64 | 54 45 | sum = 17
R18Q	Non-neutral		1			59%
D19N =>  85 14 | 83 16 | 64 35 | 77 22 | 83 16 | 80 19 | 72 27 | 79 20 | 73 26 | 75 24 | sum = -55
D19N	 Neutral 		5			78%
G20S =>  67 32 | 56 43 | 53 46 | 60 39 | 71 28 | 69 30 | 59 40 | 68 31 | 60 39 | 76 23 | sum = -28
G20S	 Neutral 		2			61%
H21T =>  51 48 | 52 47 | 43 56 | 49 50 | 49 50 | 46 53 | 42 57 | 58 41 | 45 54 | 63 36 | sum = 0
H21T	 Neutral 		0			53%
D22G =>  64 35 | 63 36 | 48 51 | 67 32 | 64 35 | 63 36 | 63 36 | 67 32 | 58 41 | 53 46 | sum = -23
D22G	 Neutral 		2			61%
H23P =>  40 59 | 36 63 | 29 70 | 35 64 | 31 68 | 25 74 | 31 68 | 41 58 | 30 69 | 33 66 | sum = 33
H23P	Non-neutral		3			66%
H24Q =>  80 19 | 75 24 | 56 43 | 77 22 | 74 25 | 78 21 | 70 29 | 76 23 | 70 29 | 71 28 | sum = -46
H24Q	 Neutral 		4			72%
V25F =>  66 33 | 65 34 | 63 36 | 54 45 | 58 41 | 40 59 | 52 47 | 60 39 | 39 60 | 58 41 | sum = -12
V25F	 Neutral 		1			57%
A27T =>  62 37 | 63 36 | 47 52 | 59 40 | 64 35 | 55 44 | 56 43 | 54 45 | 53 46 | 62 37 | sum = -16
A27T	 Neutral 		1			57%
S30I =>  79 20 | 67 32 | 74 25 | 72 27 | 76 23 | 68 31 | 73 26 | 81 18 | 74 25 | 85 14 | sum = -51
S30I	 Neutral 		5			78%
E33D =>  79 20 | 69 30 | 62 37 | 71 28 | 67 32 | 75 24 | 62 37 | 68 31 | 66 33 | 82 17 | sum = -41
E33D	 Neutral 		4			72%
N34K =>  82 17 | 76 23 | 65 34 | 73 26 | 80 19 | 80 19 | 78 21 | 77 22 | 76 23 | 75 24 | sum = -53
N34K	 Neutral 		5			78%
Y35T =>  48 51 | 43 56 | 44 55 | 55 44 | 39 60 | 45 54 | 45 54 | 45 54 | 50 49 | 61 38 | sum = 4
Y35T	 Neutral 		0			53%
R36T =>  54 45 | 52 47 | 45 54 | 57 42 | 54 45 | 51 48 | 49 50 | 60 39 | 49 50 | 59 40 | sum = -7
R36T	 Neutral 		0			53%
G37T =>  51 48 | 47 52 | 48 51 | 43 56 | 53 46 | 46 53 | 45 54 | 57 42 | 49 50 | 71 28 | sum = -3
G37T	 Neutral 		0			53%
E38D =>  52 47 | 49 50 | 48 51 | 53 46 | 51 48 | 43 56 | 52 47 | 55 44 | 46 53 | 58 41 | sum = -2
E38D	 Neutral 		0			53%
Q41S =>  67 32 | 64 35 | 54 45 | 63 36 | 62 37 | 56 43 | 62 37 | 73 26 | 62 37 | 84 15 | sum = -30
Q41S	 Neutral 		3			66%
A45T =>  88 11 | 81 18 | 67 32 | 74 25 | 80 19 | 79 20 | 75 24 | 79 20 | 77 22 | 90 9 | sum = -59
A45T	 Neutral 		5			78%
R58G =>  30 69 | 38 61 | 25 74 | 28 71 | 35 64 | 14 85 | 21 78 | 30 69 | 27 72 | 30 69 | sum = 44
R58G	Non-neutral		4			71%
V59T =>  88 11 | 84 15 | 72 27 | 78 21 | 83 16 | 88 11 | 78 21 | 81 18 | 80 19 | 90 9 | sum = -65
V59T	 Neutral 		6			82%
E60G =>  74 25 | 66 33 | 45 54 | 64 35 | 57 42 | 45 54 | 59 40 | 69 30 | 62 37 | 74 25 | sum = -24
E60G	 Neutral 		2			61%
P61T =>  86 13 | 81 18 | 70 29 | 85 14 | 81 18 | 84 15 | 80 19 | 83 16 | 85 14 | 94 5 | sum = -67
P61T	 Neutral 		6			82%
I71V =>  76 23 | 76 23 | 67 32 | 64 35 | 72 27 | 48 51 | 52 47 | 71 28 | 62 37 | 80 19 | sum = -35
I71V	 Neutral 		3			66%
K76R =>  63 36 | 65 34 | 43 56 | 49 50 | 65 34 | 46 53 | 66 33 | 69 30 | 54 45 | 54 45 | sum = -16
K76R	 Neutral 		1			57%
S84N =>  89 10 | 87 12 | 91 8 | 94 5 | 88 11 | 84 15 | 88 11 | 93 6 | 85 14 | 93 6 | sum = -79
S84N	 Neutral 		7			87%
V112T =>  83 16 | 85 14 | 84 15 | 92 7 | 87 12 | 89 10 | 87 12 | 84 15 | 80 19 | 90 9 | sum = -73
V112T	 Neutral 		7			87%
E113D =>  86 13 | 75 24 | 56 43 | 71 28 | 78 21 | 82 17 | 78 21 | 79 20 | 73 26 | 83 16 | sum = -53
E113D	 Neutral 		5			78%
Q114S =>  76 23 | 75 24 | 65 34 | 82 17 | 80 19 | 81 18 | 84 15 | 81 18 | 79 20 | 90 9 | sum = -59
Q114S	 Neutral 		5			78%
Q115S =>  81 18 | 77 22 | 65 34 | 77 22 | 78 21 | 76 23 | 74 25 | 81 18 | 84 15 | 89 10 | sum = -58
Q115S	 Neutral 		5			78%
T119A =>  66 33 | 69 30 | 54 45 | 62 37 | 68 31 | 56 43 | 65 34 | 70 29 | 71 28 | 61 38 | sum = -29
T119A	 Neutral 		2			61%
S124L =>  78 21 | 70 29 | 57 42 | 67 32 | 74 25 | 72 27 | 65 34 | 75 24 | 74 25 | 82 17 | sum = -44
S124L	 Neutral 		4			72%
Q135K =>  65 34 | 64 35 | 56 43 | 78 21 | 73 26 | 58 41 | 71 28 | 72 27 | 74 25 | 67 32 | sum = -37
Q135K	 Neutral 		3			66%
E137D =>  85 14 | 82 17 | 66 33 | 83 16 | 81 18 | 83 16 | 82 17 | 85 14 | 80 19 | 83 16 | sum = -63
E137D	 Neutral 		6			82%
E138G =>  77 22 | 76 23 | 56 43 | 74 25 | 73 26 | 51 48 | 73 26 | 81 18 | 70 29 | 73 26 | sum = -42
E138G	 Neutral 		4			72%
G139S =>  92 7 | 88 11 | 85 14 | 91 8 | 92 7 | 87 12 | 92 7 | 93 6 | 90 9 | 93 6 | sum = -81
G139S	 Neutral 		8			93%
I142L =>  89 10 | 90 9 | 81 18 | 85 14 | 88 11 | 82 17 | 89 10 | 94 5 | 87 12 | 93 6 | sum = -77
I142L	 Neutral 		7			87%
L145K =>  68 31 | 74 25 | 76 23 | 67 32 | 77 22 | 66 33 | 82 17 | 75 24 | 76 23 | 85 14 | sum = -50
L145K	 Neutral 		5			78%
T146L =>  62 37 | 58 41 | 62 37 | 58 41 | 62 37 | 37 62 | 55 44 | 71 28 | 49 50 | 72 27 | sum = -18
T146L	 Neutral 		1			57%
I148V =>  88 11 | 89 10 | 85 14 | 78 21 | 85 14 | 84 15 | 88 11 | 89 10 | 77 22 | 94 5 | sum = -72
I148V	 Neutral 		7			87%
K149E =>  64 35 | 57 42 | 61 38 | 73 26 | 65 34 | 46 53 | 65 34 | 64 35 | 52 47 | 66 33 | sum = -24
K149E	 Neutral 		2			61%
H153F =>  51 48 | 58 41 | 46 53 | 39 60 | 42 57 | 30 69 | 39 60 | 50 49 | 43 56 | 55 44 | sum = 9
H153F	Non-neutral		0			53%
R156N =>  73 26 | 64 35 | 49 50 | 56 43 | 59 40 | 55 44 | 64 35 | 63 36 | 57 42 | 56 43 | sum = -20
R156N	 Neutral 		2			61%
D158N =>  62 37 | 74 25 | 50 49 | 59 40 | 60 39 | 45 54 | 63 36 | 71 28 | 66 33 | 76 23 | sum = -26
D158N	 Neutral 		2			61%
R160N =>  52 47 | 57 42 | 51 48 | 62 37 | 50 49 | 39 60 | 62 37 | 67 32 | 56 43 | 55 44 | sum = -11
R160N	 Neutral 		1			57%
T161E =>  76 23 | 79 20 | 83 16 | 84 15 | 85 14 | 60 39 | 81 18 | 87 12 | 73 26 | 79 20 | sum = -58
T161E	 Neutral 		5			78%
I162V =>  59 40 | 71 28 | 66 33 | 67 32 | 67 32 | 50 49 | 64 35 | 62 37 | 52 47 | 75 24 | sum = -28
I162V	 Neutral 		2			61%
E163D =>  71 28 | 66 33 | 65 34 | 84 15 | 74 25 | 57 42 | 75 24 | 72 27 | 71 28 | 78 21 | sum = -44
E163D	 Neutral 		4			72%
S165A =>  70 29 | 68 31 | 67 32 | 70 29 | 63 36 | 60 39 | 65 34 | 72 27 | 73 26 | 68 31 | sum = -36
S165A	 Neutral 		3			66%
C174S =>  52 47 | 67 32 | 52 47 | 44 55 | 63 36 | 57 42 | 54 45 | 55 44 | 50 49 | 70 29 | sum = -14
C174S	 Neutral 		1			57%
M177L =>  76 23 | 82 17 | 64 35 | 67 32 | 72 27 | 56 43 | 74 25 | 86 13 | 73 26 | 92 7 | sum = -50
M177L	 Neutral 		4			72%
T178V =>  85 14 | 74 25 | 72 27 | 75 24 | 78 21 | 63 36 | 76 23 | 89 10 | 76 23 | 77 22 | sum = -54
T178V	 Neutral 		5			78%
L188Q =>  69 30 | 66 33 | 71 28 | 65 34 | 71 28 | 65 34 | 70 29 | 67 32 | 57 42 | 77 22 | sum = -37
L188Q	 Neutral 		3			66%
T192S =>  78 21 | 79 20 | 82 17 | 73 26 | 78 21 | 60 39 | 79 20 | 78 21 | 75 24 | 90 9 | sum = -56
T192S	 Neutral 		5			78%
G198N =>  85 14 | 82 17 | 69 30 | 78 21 | 82 17 | 72 27 | 75 24 | 79 20 | 78 21 | 87 12 | sum = -58
G198N	 Neutral 		5			78%
P206S =>  42 57 | 49 50 | 51 48 | 45 54 | 62 37 | 45 54 | 54 45 | 59 40 | 48 51 | 69 30 | sum = -6
P206S	 Neutral 		0			53%
S221A =>  76 23 | 78 21 | 54 45 | 62 37 | 72 27 | 63 36 | 69 30 | 79 20 | 76 23 | 69 30 | sum = -41
S221A	 Neutral 		4			72%
I236T =>  70 29 | 70 29 | 69 30 | 48 51 | 76 23 | 62 37 | 79 20 | 76 23 | 58 41 | 81 18 | sum = -39
I236T	 Neutral 		3			66%
T240S =>  93 6 | 93 6 | 95 4 | 94 5 | 95 4 | 93 6 | 95 4 | 97 2 | 93 6 | 95 4 | sum = -89
T240S	 Neutral 		8			93%
N244H =>  58 41 | 66 33 | 80 19 | 74 25 | 73 26 | 65 34 | 75 24 | 80 19 | 63 36 | 73 26 | sum = -42
N244H	 Neutral 		4			72%
I245V =>  94 5 | 90 9 | 89 10 | 90 9 | 89 10 | 90 9 | 87 12 | 91 8 | 81 18 | 89 10 | sum = -79
I245V	 Neutral 		7			87%
P250S =>  43 56 | 45 54 | 29 70 | 41 58 | 45 54 | 37 62 | 43 56 | 46 53 | 49 50 | 66 33 | sum = 10
P250S	Non-neutral		1			59%
A255T =>  73 26 | 73 26 | 58 41 | 55 44 | 81 18 | 71 28 | 66 33 | 76 23 | 66 33 | 78 21 | sum = -41
A255T	 Neutral 		4			72%
V258I =>  87 12 | 85 14 | 67 32 | 65 34 | 79 20 | 68 31 | 76 23 | 82 17 | 77 22 | 86 13 | sum = -56
V258I	 Neutral 		5			78%
T263L =>  67 32 | 57 42 | 54 45 | 62 37 | 58 41 | 29 70 | 39 60 | 53 46 | 42 57 | 55 44 | sum = -4
T263L	 Neutral 		0			53%
V265A =>  62 37 | 52 47 | 42 57 | 39 60 | 46 53 | 38 61 | 48 51 | 40 59 | 47 52 | 80 19 | sum = 0
V265A	 Neutral 		0			53%
Q267P =>  74 25 | 57 42 | 52 47 | 67 32 | 65 34 | 67 32 | 66 33 | 71 28 | 63 36 | 72 27 | sum = -32
Q267P	 Neutral 		3			66%
D269V =>  62 37 | 60 39 | 37 62 | 49 50 | 63 36 | 53 46 | 56 43 | 56 43 | 50 49 | 66 33 | sum = -12
D269V	 Neutral 		1			57%
E272G =>  74 25 | 69 30 | 56 43 | 68 31 | 68 31 | 63 36 | 71 28 | 77 22 | 63 36 | 75 24 | sum = -38
E272G	 Neutral 		3			66%
A273L =>  86 13 | 78 21 | 59 40 | 78 21 | 81 18 | 80 19 | 79 20 | 82 17 | 79 20 | 89 10 | sum = -59
A273L	 Neutral 		5			78%
S274P =>  86 13 | 74 25 | 58 41 | 74 25 | 78 21 | 73 26 | 74 25 | 73 26 | 72 27 | 75 24 | sum = -48
S274P	 Neutral 		4			72%
T275P =>  87 12 | 77 22 | 60 39 | 74 25 | 79 20 | 76 23 | 81 18 | 79 20 | 72 27 | 84 15 | sum = -55
T275P	 Neutral 		5			78%
N276A =>  74 25 | 63 36 | 49 50 | 61 38 | 65 34 | 67 32 | 64 35 | 75 24 | 73 26 | 85 14 | sum = -36
N276A	 Neutral 		3			66%
T279E =>  78 21 | 75 24 | 70 29 | 80 19 | 78 21 | 78 21 | 66 33 | 72 27 | 71 28 | 76 23 | sum = -50
T279E	 Neutral 		4			72%
C280Y =>  58 41 | 58 41 | 39 60 | 50 49 | 57 42 | 48 51 | 54 45 | 58 41 | 54 45 | 71 28 | sum = -10
C280Y	 Neutral 		1			57%
S281T =>  74 25 | 71 28 | 66 33 | 61 38 | 75 24 | 67 32 | 68 31 | 76 23 | 66 33 | 81 18 | sum = -42
S281T	 Neutral 		4			72%
D284E =>  91 8 | 80 19 | 75 24 | 82 17 | 84 15 | 81 18 | 79 20 | 86 13 | 81 18 | 80 19 | sum = -65
D284E	 Neutral 		6			82%
E285D =>  85 14 | 72 27 | 63 36 | 67 32 | 71 28 | 70 29 | 58 41 | 73 26 | 63 36 | 70 29 | sum = -40
E285D	 Neutral 		3			66%
G286S =>  87 12 | 83 16 | 75 24 | 87 12 | 86 13 | 79 20 | 80 19 | 88 11 | 83 16 | 89 10 | sum = -69
G286S	 Neutral 		6			82%
