A3H =>  91 8 | 91 8 | 86 13 | 87 12 | 91 8 | 96 3 | 94 5 | 91 8 | 84 15 | 94 5 | sum = -82
A3H	 Neutral 		8			93%
Y5R =>  29 70 | 31 68 | 29 70 | 26 73 | 28 71 | 25 74 | 34 65 | 30 69 | 31 68 | 24 75 | sum = 41
Y5R	Non-neutral		4			71%
P10S =>  62 37 | 64 35 | 54 45 | 56 43 | 63 36 | 61 38 | 59 40 | 63 36 | 58 41 | 65 34 | sum = -22
P10S	 Neutral 		2			61%
R11S =>  51 48 | 43 56 | 33 66 | 34 65 | 34 65 | 37 62 | 34 65 | 49 50 | 28 71 | 55 44 | sum = 19
R11S	Non-neutral		1			59%
A12N =>  66 33 | 72 27 | 52 47 | 63 36 | 61 38 | 67 32 | 67 32 | 62 37 | 68 31 | 77 22 | sum = -32
A12N	 Neutral 		3			66%
A13M =>  77 22 | 75 24 | 55 44 | 68 31 | 73 26 | 60 39 | 72 27 | 74 25 | 67 32 | 83 16 | sum = -42
A13M	 Neutral 		4			72%
Q15H =>  81 18 | 69 30 | 68 31 | 83 16 | 77 22 | 78 21 | 74 25 | 76 23 | 67 32 | 85 14 | sum = -52
Q15H	 Neutral 		5			78%
H16N =>  67 32 | 68 31 | 55 44 | 58 41 | 62 37 | 63 36 | 60 39 | 72 27 | 61 38 | 74 25 | sum = -29
H16N	 Neutral 		2			61%
D19E =>  63 36 | 66 33 | 42 57 | 46 53 | 61 38 | 50 49 | 55 44 | 62 37 | 55 44 | 50 49 | sum = -11
D19E	 Neutral 		1			57%
G20P =>  55 44 | 45 54 | 36 63 | 51 48 | 57 42 | 45 54 | 46 53 | 51 48 | 46 53 | 53 46 | sum = 2
G20P	 Neutral 		0			53%
H21Y =>  48 51 | 53 46 | 39 60 | 47 52 | 50 49 | 38 61 | 44 55 | 56 43 | 44 55 | 53 46 | sum = 4
H21Y	 Neutral 		0			53%
D22E =>  60 39 | 56 43 | 40 59 | 48 51 | 57 42 | 53 46 | 52 47 | 59 40 | 49 50 | 48 51 | sum = -5
D22E	 Neutral 		0			53%
H23N =>  46 53 | 48 51 | 35 64 | 33 66 | 35 64 | 32 67 | 33 66 | 45 54 | 37 62 | 50 49 | sum = 20
H23N	Non-neutral		2			63%
H24P =>  50 49 | 50 49 | 31 68 | 43 56 | 44 55 | 51 48 | 48 51 | 53 46 | 38 61 | 43 56 | sum = 9
H24P	Non-neutral		0			53%
V25S =>  60 39 | 62 37 | 57 42 | 47 52 | 52 47 | 38 61 | 46 53 | 51 48 | 36 63 | 58 41 | sum = -2
V25S	 Neutral 		0			53%
A27S =>  53 46 | 56 43 | 40 59 | 48 51 | 54 45 | 43 56 | 48 51 | 46 53 | 42 57 | 54 45 | sum = 2
A27S	 Neutral 		0			53%
S30L =>  75 24 | 63 36 | 70 29 | 71 28 | 73 26 | 62 37 | 70 29 | 78 21 | 72 27 | 82 17 | sum = -44
S30L	 Neutral 		4			72%
E33D =>  79 20 | 69 30 | 62 37 | 71 28 | 67 32 | 75 24 | 62 37 | 68 31 | 66 33 | 82 17 | sum = -41
E33D	 Neutral 		4			72%
N34P =>  65 34 | 64 35 | 50 49 | 61 38 | 62 37 | 65 34 | 67 32 | 63 36 | 62 37 | 66 33 | sum = -26
N34P	 Neutral 		2			61%
Y35N =>  56 43 | 46 53 | 50 49 | 63 36 | 45 54 | 53 46 | 54 45 | 48 51 | 56 43 | 68 31 | sum = -9
Y35N	 Neutral 		0			53%
R36Q =>  61 38 | 59 40 | 57 42 | 62 37 | 63 36 | 57 42 | 56 43 | 63 36 | 53 46 | 60 39 | sum = -19
R36Q	 Neutral 		1			57%
G37V =>  42 57 | 44 55 | 36 63 | 36 63 | 44 55 | 29 70 | 40 59 | 44 55 | 37 62 | 54 45 | sum = 18
G37V	Non-neutral		1			59%
E38D =>  52 47 | 49 50 | 48 51 | 53 46 | 51 48 | 43 56 | 52 47 | 55 44 | 46 53 | 58 41 | sum = -2
E38D	 Neutral 		0			53%
Y39R =>  27 72 | 36 63 | 25 74 | 32 67 | 28 71 | 18 81 | 29 70 | 26 73 | 31 68 | 40 59 | sum = 41
Y39R	Non-neutral		4			71%
S42P =>  69 30 | 66 33 | 50 49 | 69 30 | 68 31 | 69 30 | 72 27 | 70 29 | 73 26 | 69 30 | sum = -36
S42P	 Neutral 		3			66%
V48I =>  79 20 | 76 23 | 58 41 | 70 29 | 76 23 | 66 33 | 66 33 | 78 21 | 73 26 | 86 13 | sum = -46
V48I	 Neutral 		4			72%
T52N =>  55 44 | 55 44 | 39 60 | 49 50 | 48 51 | 43 56 | 45 54 | 53 46 | 51 48 | 71 28 | sum = -3
T52N	 Neutral 		0			53%
V53L =>  74 25 | 67 32 | 54 45 | 58 41 | 68 31 | 58 41 | 58 41 | 72 27 | 62 37 | 69 30 | sum = -29
V53L	 Neutral 		2			61%
K56R =>  79 20 | 75 24 | 73 26 | 76 23 | 75 24 | 60 39 | 70 29 | 80 19 | 72 27 | 70 29 | sum = -47
K56R	 Neutral 		4			72%
R58K =>  71 28 | 66 33 | 46 53 | 60 39 | 68 31 | 56 43 | 59 40 | 69 30 | 61 38 | 71 28 | sum = -26
R58K	 Neutral 		2			61%
V59T =>  88 11 | 84 15 | 72 27 | 78 21 | 83 16 | 88 11 | 78 21 | 81 18 | 80 19 | 90 9 | sum = -65
V59T	 Neutral 		6			82%
E60D =>  90 9 | 81 18 | 70 29 | 84 15 | 79 20 | 84 15 | 80 19 | 86 13 | 81 18 | 92 7 | sum = -66
E60D	 Neutral 		6			82%
P61A =>  76 23 | 73 26 | 60 39 | 79 20 | 74 25 | 73 26 | 68 31 | 74 25 | 82 17 | 88 11 | sum = -50
P61A	 Neutral 		5			78%
T63I =>  68 31 | 72 27 | 62 37 | 68 31 | 75 24 | 46 53 | 62 37 | 77 22 | 57 42 | 81 18 | sum = -34
T63I	 Neutral 		3			66%
S84K =>  88 11 | 81 18 | 89 10 | 93 6 | 88 11 | 78 21 | 86 13 | 90 9 | 86 13 | 91 8 | sum = -75
S84K	 Neutral 		7			87%
E93D =>  63 36 | 64 35 | 51 48 | 73 26 | 68 31 | 58 41 | 70 29 | 74 25 | 63 36 | 79 20 | sum = -34
E93D	 Neutral 		3			66%
T96N =>  29 70 | 37 62 | 23 76 | 31 68 | 25 74 | 27 72 | 30 69 | 27 72 | 28 71 | 39 60 | sum = 40
T96N	Non-neutral		3			66%
R98H =>  65 34 | 56 43 | 56 43 | 57 42 | 51 48 | 56 43 | 62 37 | 59 40 | 44 55 | 64 35 | sum = -15
R98H	 Neutral 		1			57%
K107R =>  61 38 | 44 55 | 38 61 | 67 32 | 43 56 | 31 68 | 42 57 | 47 52 | 42 57 | 66 33 | sum = 3
K107R	 Neutral 		0			53%
S111I =>  49 50 | 42 57 | 24 75 | 59 40 | 43 56 | 28 71 | 36 63 | 51 48 | 50 49 | 51 48 | sum = 12
S111I	Non-neutral		1			59%
V112I =>  86 13 | 82 17 | 82 17 | 91 8 | 85 14 | 84 15 | 86 13 | 88 11 | 82 17 | 87 12 | sum = -72
V112I	 Neutral 		7			87%
Q114S =>  76 23 | 75 24 | 65 34 | 82 17 | 80 19 | 81 18 | 84 15 | 81 18 | 79 20 | 90 9 | sum = -59
Q114S	 Neutral 		5			78%
Q115N =>  69 30 | 71 28 | 49 50 | 64 35 | 63 36 | 62 37 | 59 40 | 71 28 | 75 24 | 82 17 | sum = -34
Q115N	 Neutral 		3			66%
L116S =>  21 78 | 32 67 | 20 79 | 19 80 | 28 71 | 19 80 | 25 74 | 27 72 | 20 79 | 50 49 | sum = 47
L116S	Non-neutral		4			71%
N117Q =>  76 23 | 80 19 | 54 45 | 80 19 | 79 20 | 79 20 | 71 28 | 77 22 | 76 23 | 82 17 | sum = -52
N117Q	 Neutral 		5			78%
A120S =>  83 16 | 81 18 | 63 36 | 66 33 | 81 18 | 83 16 | 80 19 | 83 16 | 71 28 | 81 18 | sum = -55
A120S	 Neutral 		5			78%
S124M =>  80 19 | 74 25 | 64 35 | 73 26 | 78 21 | 73 26 | 68 31 | 77 22 | 75 24 | 85 14 | sum = -50
S124M	 Neutral 		5			78%
D132E =>  79 20 | 78 21 | 57 42 | 70 29 | 74 25 | 59 40 | 67 32 | 72 27 | 70 29 | 76 23 | sum = -42
D132E	 Neutral 		4			72%
Q135S =>  49 50 | 43 56 | 37 62 | 51 48 | 47 52 | 36 63 | 50 49 | 58 41 | 50 49 | 58 41 | sum = 3
Q135S	 Neutral 		0			53%
E137G =>  76 23 | 73 26 | 52 47 | 78 21 | 70 29 | 69 30 | 75 24 | 77 22 | 67 32 | 67 32 | sum = -42
E137G	 Neutral 		4			72%
E138N =>  84 15 | 82 17 | 66 33 | 86 13 | 82 17 | 74 25 | 82 17 | 89 10 | 83 16 | 85 14 | sum = -64
E138N	 Neutral 		6			82%
G139S =>  92 7 | 88 11 | 85 14 | 91 8 | 92 7 | 87 12 | 92 7 | 93 6 | 90 9 | 93 6 | sum = -81
G139S	 Neutral 		8			93%
I142L =>  89 10 | 90 9 | 81 18 | 85 14 | 88 11 | 82 17 | 89 10 | 94 5 | 87 12 | 93 6 | sum = -77
I142L	 Neutral 		7			87%
L145A =>  73 26 | 76 23 | 83 16 | 72 27 | 78 21 | 65 34 | 80 19 | 78 21 | 78 21 | 86 13 | sum = -55
L145A	 Neutral 		5			78%
T146V =>  66 33 | 65 34 | 69 30 | 64 35 | 68 31 | 44 55 | 61 38 | 76 23 | 55 44 | 79 20 | sum = -30
T146V	 Neutral 		3			66%
I148L =>  81 18 | 82 17 | 76 23 | 68 31 | 79 20 | 75 24 | 85 14 | 83 16 | 67 32 | 91 8 | sum = -58
I148L	 Neutral 		5			78%
K149Q =>  62 37 | 59 40 | 60 39 | 71 28 | 65 34 | 47 52 | 66 33 | 63 36 | 51 48 | 69 30 | sum = -23
K149Q	 Neutral 		2			61%
T150I =>  81 18 | 75 24 | 70 29 | 71 28 | 78 21 | 61 38 | 80 19 | 88 11 | 76 23 | 85 14 | sum = -54
T150I	 Neutral 		5			78%
R156T =>  79 20 | 65 34 | 55 44 | 63 36 | 68 31 | 63 36 | 71 28 | 73 26 | 65 34 | 64 35 | sum = -34
R156T	 Neutral 		3			66%
Q157R =>  64 35 | 58 41 | 62 37 | 76 23 | 62 37 | 49 50 | 68 31 | 67 32 | 61 38 | 78 21 | sum = -30
Q157R	 Neutral 		2			61%
I159L =>  80 19 | 73 26 | 67 32 | 60 39 | 73 26 | 49 50 | 72 27 | 75 24 | 68 31 | 85 14 | sum = -41
I159L	 Neutral 		4			72%
T161Q =>  71 28 | 80 19 | 80 19 | 85 14 | 85 14 | 62 37 | 83 16 | 87 12 | 74 25 | 81 18 | sum = -58
T161Q	 Neutral 		5			78%
M177L =>  76 23 | 82 17 | 64 35 | 67 32 | 72 27 | 56 43 | 74 25 | 86 13 | 73 26 | 92 7 | sum = -50
M177L	 Neutral 		4			72%
S187G =>  48 51 | 57 42 | 46 53 | 48 51 | 45 54 | 40 59 | 58 41 | 57 42 | 41 58 | 54 45 | sum = 0
S187G	 Neutral 		0			53%
R196H =>  75 24 | 61 38 | 59 40 | 79 20 | 70 29 | 58 41 | 68 31 | 69 30 | 58 41 | 70 29 | sum = -34
R196H	 Neutral 		3			66%
E205D =>  80 19 | 76 23 | 66 33 | 74 25 | 78 21 | 74 25 | 78 21 | 88 11 | 66 33 | 84 15 | sum = -54
E205D	 Neutral 		5			78%
P206S =>  42 57 | 49 50 | 51 48 | 45 54 | 62 37 | 45 54 | 54 45 | 59 40 | 48 51 | 69 30 | sum = -6
P206S	 Neutral 		0			53%
S221N =>  86 13 | 86 13 | 73 26 | 72 27 | 83 16 | 76 23 | 91 8 | 89 10 | 84 15 | 84 15 | sum = -66
S221N	 Neutral 		6			82%
T240S =>  93 6 | 93 6 | 95 4 | 94 5 | 95 4 | 93 6 | 95 4 | 97 2 | 93 6 | 95 4 | sum = -89
T240S	 Neutral 		8			93%
L249I =>  87 12 | 82 17 | 92 7 | 95 4 | 87 12 | 80 19 | 83 16 | 87 12 | 80 19 | 91 8 | sum = -74
L249I	 Neutral 		7			87%
A255S =>  84 15 | 85 14 | 81 18 | 76 23 | 93 6 | 83 16 | 85 14 | 90 9 | 78 21 | 89 10 | sum = -70
A255S	 Neutral 		6			82%
R262A =>  41 58 | 54 45 | 30 69 | 34 65 | 42 57 | 32 67 | 37 62 | 38 61 | 44 55 | 55 44 | sum = 18
R262A	Non-neutral		1			59%
V265Y =>  76 23 | 67 32 | 49 50 | 59 40 | 62 37 | 56 43 | 73 26 | 59 40 | 68 31 | 86 13 | sum = -32
V265Y	 Neutral 		3			66%
Q267A =>  67 32 | 58 41 | 53 46 | 69 30 | 62 37 | 59 40 | 62 37 | 72 27 | 69 30 | 72 27 | sum = -30
Q267A	 Neutral 		2			61%
S268Q =>  51 48 | 44 55 | 42 57 | 59 40 | 54 45 | 54 45 | 56 43 | 61 38 | 50 49 | 51 48 | sum = -5
S268Q	 Neutral 		0			53%
E271S =>  64 35 | 60 39 | 54 45 | 71 28 | 63 36 | 55 44 | 63 36 | 69 30 | 58 41 | 74 25 | sum = -27
E271S	 Neutral 		2			61%
E272T =>  70 29 | 64 35 | 55 44 | 72 27 | 70 29 | 73 26 | 72 27 | 78 21 | 69 30 | 78 21 | sum = -41
E272T	 Neutral 		4			72%
A273P =>  78 21 | 67 32 | 51 48 | 74 25 | 75 24 | 77 22 | 72 27 | 71 28 | 71 28 | 84 15 | sum = -45
A273P	 Neutral 		4			72%
T275E =>  74 25 | 68 31 | 55 44 | 53 46 | 69 30 | 54 45 | 64 35 | 66 33 | 62 37 | 73 26 | sum = -29
T275E	 Neutral 		2			61%
N276A =>  74 25 | 63 36 | 49 50 | 61 38 | 65 34 | 67 32 | 64 35 | 75 24 | 73 26 | 85 14 | sum = -36
N276A	 Neutral 		3			66%
P277T =>  87 12 | 81 18 | 59 40 | 81 18 | 75 24 | 82 17 | 74 25 | 79 20 | 82 17 | 93 6 | sum = -59
P277T	 Neutral 		5			78%
G278N =>  86 13 | 77 22 | 46 53 | 79 20 | 68 31 | 74 25 | 67 32 | 71 28 | 76 23 | 87 12 | sum = -47
G278N	 Neutral 		4			72%
T279D =>  61 38 | 58 41 | 53 46 | 60 39 | 58 41 | 68 31 | 51 48 | 61 38 | 58 41 | 60 39 | sum = -19
T279D	 Neutral 		1			57%
C280T =>  40 59 | 42 57 | 28 71 | 31 68 | 39 60 | 33 66 | 32 67 | 39 60 | 38 61 | 55 44 | sum = 24
C280T	Non-neutral		2			63%
S281T =>  74 25 | 71 28 | 66 33 | 61 38 | 75 24 | 67 32 | 68 31 | 76 23 | 66 33 | 81 18 | sum = -42
S281T	 Neutral 		4			72%
D284S =>  60 39 | 50 49 | 40 59 | 50 49 | 51 48 | 40 59 | 51 48 | 61 38 | 42 57 | 36 63 | sum = 3
D284S	 Neutral 		0			53%
E285T =>  45 54 | 38 61 | 32 67 | 39 60 | 42 57 | 28 71 | 29 70 | 47 52 | 30 69 | 27 72 | sum = 27
E285T	Non-neutral		2			63%
G286V =>  55 44 | 50 49 | 42 57 | 61 38 | 57 42 | 33 66 | 49 50 | 55 44 | 48 51 | 50 49 | sum = -1
G286V	 Neutral 		0			53%
T287E =>  55 44 | 52 47 | 51 48 | 43 56 | 57 42 | 33 66 | 51 48 | 56 43 | 60 39 | 64 35 | sum = -6
T287E	 Neutral 		0			53%
